1403637130538319104
1403637130538319105
1403637130538319106
1403637130538319107
1403637130538319108
1403637130538319109
1403637130538319110
1403637130538319111
1403637130538319112
1403637130538319113
1403637130538319114
1403637130538319115
1403637130538319116
1403637130538319117
1403637130538319118
1403637130538319119
1403637130538319120
1403637130538319121
1403637130538319122
1403637130538319123
1403637130538319124
1403637130538319125
1403637130538319126
1403637130538319127
1403637130538319128
1403637130538319129
1403637130538319130
1403637130538319131
1403637130538319132
1403637130538319133
1403637130538319134
1403637130538319135
1403637130538319136
1403637130538319137
1403637130538319138
1403637130538319139
1403637130538319140
1403637130538319141
1403637130538319142
1403637130538319143
1403637130538319144
1403637130538319145
1403637130538319146
1403637130538319147
1403637130538319148
1403637130538319149
1403637130538319150
1403637130538319151
1403637130538319152
1403637130538319153
1403637130538319154
1403637130538319155
1403637130538319156
1403637130538319157
1403637130538319158
1403637130538319159
1403637130538319160
1403637130538319161
1403637130538319162
1403637130538319163
1403637130538319164
1403637130538319165
1403637130538319166
1403637130538319167
1403637130538319168
1403637130538319169
1403637130538319170
1403637130538319171
1403637130538319172
1403637130538319173
1403637130538319174
1403637130538319175
1403637130538319176
1403637130538319177
1403637130538319178
1403637130538319179
1403637130538319180
1403637130538319181
1403637130538319182
1403637130538319183
1403637130538319184
1403637130538319185
1403637130538319186
1403637130538319187
1403637130538319188
1403637130538319189
1403637130538319190
1403637130538319191
1403637130538319192
1403637130538319193
1403637130538319194
1403637130538319195
1403637130538319196
1403637130538319197
1403637130538319198
1403637130538319199
1403637130538319200
1403637130538319201
1403637130538319202
1403637130538319203
1403637130538319204
1403637130538319205
1403637130538319206
1403637130538319207
1403637130538319208
1403637130538319209
1403637130538319210
1403637130538319211
1403637130538319212
1403637130538319213
1403637130538319214
1403637130538319215
1403637130538319216
1403637130538319217
1403637130538319218
1403637130538319219
1403637130538319220
1403637130538319221
1403637130538319222
1403637130538319223
1403637130538319224
1403637130538319225
1403637130538319226
1403637130538319227
1403637130538319228
1403637130538319229
1403637130538319230
1403637130538319231
1403637130538319232
1403637130538319233
1403637130538319234
1403637130538319235
1403637130538319236
1403637130538319237
1403637130538319238
1403637130538319239
1403637130538319240
1403637130538319241
1403637130538319242
1403637130538319243
1403637130538319244
1403637130538319245
1403637130538319246
1403637130538319247
1403637130538319248
1403637130538319249
1403637130538319250
1403637130538319251
1403637130538319252
1403637130538319253
1403637130538319254
1403637130538319255
1403637130538319256
1403637130538319257
1403637130538319258
1403637130538319259
1403637130538319260
1403637130538319261
1403637130538319262
1403637130538319263
1403637130538319264
1403637130538319265
1403637130538319266
1403637130538319267
1403637130538319268
1403637130538319269
1403637130538319270
1403637130538319271
1403637130538319272
1403637130538319273
1403637130538319274
1403637130538319275
1403637130538319276
1403637130538319277
1403637130538319278
1403637130538319279
1403637130538319280
1403637130538319281
1403637130538319282
1403637130538319283
1403637130538319284
1403637130538319285
1403637130538319286
1403637130538319287
1403637130538319288
1403637130538319289
1403637130538319290
1403637130538319291
1403637130538319292
1403637130538319293
1403637130538319294
1403637130538319295
1403637130538319296
1403637130538319297
1403637130538319298
1403637130538319299
1403637130538319300
1403637130538319301
1403637130538319302
1403637130538319303
1403637130538319304
1403637130538319305
1403637130538319306
1403637130538319307
1403637130538319308
1403637130538319309
1403637130538319310
1403637130538319311
1403637130538319312
1403637130538319313
1403637130538319314
1403637130538319315
1403637130538319316
1403637130538319317
1403637130538319318
1403637130538319319
1403637130538319320
1403637130538319321
1403637130538319322
1403637130538319323
1403637130538319324
1403637130538319325
1403637130538319326
1403637130538319327
1403637130538319328
1403637130538319329
1403637130538319330
1403637130538319331
1403637130538319332
1403637130538319333
1403637130538319334
1403637130538319335
1403637130538319336
1403637130538319337
1403637130538319338
1403637130538319339
1403637130538319340
1403637130538319341
1403637130538319342
1403637130538319343
1403637130538319344
1403637130538319345
1403637130538319346
1403637130538319347
1403637130538319348
1403637130538319349
1403637130538319350
1403637130538319351
1403637130538319352
1403637130538319353
1403637130538319354
1403637130538319355
1403637130538319356
1403637130538319357
1403637130538319358
1403637130538319359
1403637130538319360
1403637130538319361
1403637130538319362
1403637130538319363
1403637130538319364
1403637130538319365
1403637130538319366
1403637130538319367
1403637130538319368
1403637130538319369
1403637130538319370
1403637130538319371
1403637130538319372
1403637130538319373
1403637130538319374
1403637130538319375
1403637130538319376
1403637130538319377
1403637130538319378
1403637130538319379
1403637130538319380
1403637130538319381
1403637130538319382
1403637130538319383
1403637130538319384
1403637130538319385
1403637130538319386
1403637130538319387
1403637130538319388
1403637130538319389
1403637130538319390
1403637130538319391
1403637130538319392
1403637130538319393
1403637130538319394
1403637130538319395
1403637130538319396
1403637130538319397
1403637130538319398
1403637130538319399
1403637130538319400
1403637130538319401
1403637130538319402
1403637130538319403
1403637130538319404
1403637130538319405
1403637130538319406
1403637130538319407
1403637130538319408
1403637130538319409
1403637130538319410
1403637130538319411
1403637130538319412
1403637130538319413
1403637130538319414
1403637130538319415
1403637130538319416
1403637130538319417
1403637130538319418
1403637130538319419
1403637130538319420
1403637130538319421
1403637130538319422
1403637130538319423
1403637130538319424
1403637130538319425
1403637130538319426
1403637130538319427
1403637130538319428
1403637130538319429
1403637130538319430
1403637130538319431
1403637130538319432
1403637130538319433
1403637130538319434
1403637130538319435
1403637130538319436
1403637130538319437
1403637130538319438
1403637130538319439
1403637130538319440
1403637130538319441
1403637130538319442
1403637130538319443
1403637130538319444
1403637130538319445
1403637130538319446
1403637130538319447
1403637130538319448
1403637130538319449
1403637130538319450
1403637130538319451
1403637130538319452
1403637130538319453
1403637130538319454
1403637130538319455
1403637130538319456
1403637130538319457
1403637130538319458
1403637130538319459
1403637130538319460
1403637130538319461
1403637130538319462
1403637130538319463
1403637130538319464
1403637130538319465
1403637130538319466
1403637130538319467
1403637130538319468
1403637130538319469
1403637130538319470
1403637130538319471
1403637130538319472
1403637130538319473
1403637130538319474
1403637130538319475
1403637130538319476
1403637130538319477
1403637130538319478
1403637130538319479
1403637130538319480
1403637130538319481
1403637130538319482
1403637130538319483
1403637130538319484
1403637130538319485
1403637130538319486
1403637130538319487
1403637130538319488
1403637130538319489
1403637130538319490
1403637130538319491
1403637130538319492
1403637130538319493
1403637130538319494
1403637130538319495
1403637130538319496
1403637130538319497
1403637130538319498
1403637130538319499
1403637130538319500
1403637130538319501
1403637130538319502
1403637130538319503
1403637130538319504
1403637130538319505
1403637130538319506
1403637130538319507
1403637130538319508
1403637130538319509
1403637130538319510
1403637130538319511
1403637130538319512
1403637130538319513
1403637130538319514
1403637130538319515
1403637130538319516
1403637130538319517
1403637130538319518
1403637130538319519
1403637130538319520
1403637130538319521
1403637130538319522
1403637130538319523
1403637130538319524
1403637130538319525
1403637130538319526
1403637130538319527
1403637130538319528
1403637130538319529
1403637130538319530
1403637130538319531
1403637130538319532
1403637130538319533
1403637130538319534
1403637130538319535
1403637130538319536
1403637130538319537
1403637130538319538
1403637130538319539
1403637130538319540
1403637130538319541
1403637130538319542
1403637130538319543
1403637130538319544
1403637130538319545
1403637130538319546
1403637130538319547
1403637130538319548
1403637130538319549
1403637130538319550
1403637130538319551
1403637130538319552
1403637130538319553
1403637130538319554
1403637130538319555
1403637130538319556
1403637130538319557
1403637130538319558
1403637130538319559
1403637130538319560
1403637130538319561
1403637130538319562
1403637130538319563
1403637130538319564
1403637130538319565
1403637130538319566
1403637130538319567
1403637130538319568
1403637130538319569
1403637130538319570
1403637130538319571
1403637130538319572
1403637130538319573
1403637130538319574
1403637130538319575
1403637130538319576
1403637130538319577
1403637130538319578
1403637130538319579
1403637130538319580
1403637130538319581
1403637130538319582
1403637130538319583
1403637130538319584
1403637130538319585
1403637130538319586
1403637130538319587
1403637130538319588
1403637130538319589
1403637130538319590
1403637130538319591
1403637130538319592
1403637130538319593
1403637130538319594
1403637130538319595
1403637130538319596
1403637130538319597
1403637130538319598
1403637130538319599
1403637130538319600
1403637130538319601
1403637130538319602
1403637130538319603
1403637130538319604
1403637130538319605
1403637130538319606
1403637130538319607
1403637130538319608
1403637130538319609
1403637130538319610
1403637130538319611
1403637130538319612
1403637130538319613
1403637130538319614
1403637130538319615
1403637130538319616
1403637130538319617
1403637130538319618
1403637130538319619
1403637130538319620
1403637130538319621
1403637130538319622
1403637130538319623
1403637130538319624
1403637130538319625
1403637130538319626
1403637130538319627
1403637130538319628
1403637130538319629
1403637130538319630
1403637130538319631
1403637130538319632
1403637130538319633
1403637130538319634
1403637130538319635
1403637130538319636
1403637130538319637
1403637130538319638
1403637130538319639
1403637130538319640
1403637130538319641
1403637130538319642
1403637130538319643
1403637130538319644
1403637130538319645
1403637130538319646
1403637130538319647
1403637130538319648
1403637130538319649
1403637130538319650
1403637130538319651
1403637130538319652
1403637130538319653
1403637130538319654
1403637130538319655
1403637130538319656
1403637130538319657
1403637130538319658
1403637130538319659
1403637130538319660
1403637130538319661
1403637130538319662
1403637130538319663
1403637130538319664
1403637130538319665
1403637130538319666
1403637130538319667
1403637130538319668
1403637130538319669
1403637130538319670
1403637130538319671
1403637130538319672
1403637130538319673
1403637130538319674
1403637130538319675
1403637130538319676
1403637130538319677
1403637130538319678
1403637130538319679
1403637130538319680
1403637130538319681
1403637130538319682
1403637130538319683
1403637130538319684
1403637130538319685
1403637130538319686
1403637130538319687
1403637130538319688
1403637130538319689
1403637130538319690
1403637130538319691
1403637130538319692
1403637130538319693
1403637130538319694
1403637130538319695
1403637130538319696
1403637130538319697
1403637130538319698
1403637130538319699
1403637130538319700
1403637130538319701
1403637130538319702
1403637130538319703
1403637130538319704
1403637130538319705
1403637130538319706
1403637130538319707
1403637130538319708
1403637130538319709
1403637130538319710
1403637130538319711
1403637130538319712
1403637130538319713
1403637130538319714
1403637130538319715
1403637130538319716
1403637130538319717
1403637130538319718
1403637130538319719
1403637130538319720
1403637130538319721
1403637130538319722
1403637130538319723
1403637130538319724
1403637130538319725
1403637130538319726
1403637130538319727
1403637130538319728
1403637130538319729
1403637130538319730
1403637130538319731
1403637130538319732
1403637130538319733
1403637130538319734
1403637130538319735
1403637130538319736
1403637130538319737
1403637130538319738
1403637130538319739
1403637130538319740
1403637130538319741
1403637130538319742
1403637130538319743
1403637130538319744
1403637130538319745
1403637130538319746
1403637130538319747
1403637130538319748
1403637130538319749
1403637130538319750
1403637130538319751
1403637130538319752
1403637130538319753
1403637130538319754
1403637130538319755
1403637130538319756
1403637130538319757
1403637130538319758
1403637130538319759
1403637130538319760
1403637130538319761
1403637130538319762
1403637130538319763
1403637130538319764
1403637130538319765
1403637130538319766
1403637130538319767
1403637130538319768
1403637130538319769
1403637130538319770
1403637130538319771
1403637130538319772
1403637130538319773
1403637130538319774
1403637130538319775
1403637130538319776
1403637130538319777
1403637130538319778
1403637130538319779
1403637130538319780
1403637130538319781
1403637130538319782
1403637130538319783
1403637130538319784
1403637130538319785
1403637130538319786
1403637130538319787
1403637130538319788
1403637130538319789
1403637130538319790
1403637130538319791
1403637130538319792
1403637130538319793
1403637130538319794
1403637130538319795
1403637130538319796
1403637130538319797
1403637130538319798
1403637130538319799
1403637130538319800
1403637130538319801
1403637130538319802
1403637130538319803
1403637130538319804
1403637130538319805
1403637130538319806
1403637130538319807
1403637130538319808
1403637130538319809
1403637130538319810
1403637130538319811
1403637130538319812
1403637130538319813
1403637130538319814
1403637130538319815
1403637130538319816
1403637130538319817
1403637130538319818
1403637130538319819
1403637130538319820
1403637130538319821
1403637130538319822
1403637130538319823
